url_path,views_total,views_unique
/idaholab/Topology_Generator,22,18
/idaholab/Topology_Generator/tree/master/gui,2,1
/idaholab/Topology_Generator/blob/master/main.cpp,1,1
/idaholab/Topology_Generator/fork,1,1
/idaholab/Topology_Generator/search,1,1
/idaholab/Topology_Generator/tree/master/doc,1,1
/idaholab/Topology_Generator/tree/master/kern,1,1
/idaholab/Topology_Generator/tree/master/test,1,1
