url_path,views_total,views_unique
/idaholab/falcon,64,24
/idaholab/falcon/pull/65,30,12
/idaholab/falcon/pulls,14,4
/idaholab/falcon/pull/66,9,6
/idaholab/falcon/search,7,3
/idaholab/falcon/issues,6,4
/idaholab/falcon/pull/64,6,2
/idaholab/falcon/tree/devel/doc,5,3
/idaholab/falcon/tree/devel/test,5,2
/idaholab/falcon/tree/devel/test/tests,4,3
