url_path,views_total,views_unique
/idaholab/falcon,19,17
/idaholab/falcon/tree/devel/examples,2,2
/idaholab/falcon/fork,2,1
/idaholab/falcon/tree/devel/examples/gringarten_multiapp,2,1
/idaholab/falcon/blob/devel/examples/gringarten_multiapp/frect1.i,1,1
/idaholab/falcon/blob/devel/examples/gringarten_multiapp/mrect1.i,1,1
/idaholab/falcon/blob/devel/src/main.C,1,1
/idaholab/falcon/blob/devel/src/materials/PTGeothermal.C,1,1
/idaholab/falcon/commits/bbb0eec9b89bfe272c0ec03922d85cfc1ba5c9eb,1,1
/idaholab/falcon/find/devel,1,1
