referrer,views_total,views_unique
mooseframework.inl.gov,99,4
Google,25,9
github.com,9,6
inlsoftware.inl.gov,1,1
Bing,1,1
