referrer,views_total,views_unique
inldigitallibrary.inl.gov,4,1
github.com,3,1
