referrer,views_total,views_unique
ameslab.gov,1,1
dynamicmodel.inl.gov,1,1
