url_path,views_total,views_unique
/cisagov/ICSNPP,487,322
/cisagov/icsnpp,44,26
/cisagov/ICSNPP/blob/main/LICENSE.txt,5,5
/cisagov/ICSNPP/blob/main/NOTICE.txt,5,5
/cisagov/ICSNPP/issues,5,3
/cisagov/ICSNPP/issues/2,4,3
/cisagov/ICSNPP/commit/d833e5bc2223f7338692ab85a5abd3c78fb211ed,3,3
/cisagov/ICSNPP/commits,3,3
/cisagov/ICSNPP/blob/main/README.md,2,2
/cisagov/ICSNPP/find/main,2,2
