url_path,views_total,views_unique
/cisagov/ICSNPP,114,75
/cisagov/icsnpp,15,12
/cisagov/ICSNPP/commits,9,2
/cisagov/ICSNPP/issues,3,2
/cisagov/ICSNPP/blob/main/README.md,2,2
/cisagov/ICSNPP/commit/288b7262a41f357d35141c4556dc8591e3a754a2,1,1
/cisagov/ICSNPP/commit/9644960c7af25c4285ef31a2d0ce010805c13fa7,1,1
/cisagov/ICSNPP/commits/main,1,1
/cisagov/ICSNPP/find/main,1,1
/cisagov/ICSNPP/projects,1,1
