referrer,views_total,views_unique
Google,61,28
cisa.gov,16,10
statics.teams.cdn.office.net,11,8
github.com,7,7
DuckDuckGo,7,1
corelight.com,3,2
cisagov.github.io,1,1
youtube.com,1,1
Bing,1,1
zeek.org,1,1
