url_path,views_total,views_unique
/cisagov/icsnpp-profinet-io-cm,30,22
/cisagov/icsnpp-profinet-io-cm/tree/main/analyzer,19,5
/cisagov/icsnpp-profinet-io-cm/tree/d3333d7dd2ac5e5b2f3f12ec83191d58b1c6391f,15,11
/cisagov/icsnpp-profinet-io-cm/tree/main/testing/Traces,15,1
/cisagov/icsnpp-profinet-io-cm/blob/d3333d7dd2ac5e5b2f3f12ec83191d58b1c6391f/analyzer/types.zeek,12,1
/cisagov/icsnpp-profinet-io-cm/tree/main/cmake,10,4
/cisagov/icsnpp-profinet-io-cm/tree/main/testing,10,3
/cisagov/icsnpp-profinet-io-cm/blob/d3333d7dd2ac5e5b2f3f12ec83191d58b1c6391f/analyzer/main.zeek,10,1
/cisagov/icsnpp-profinet-io-cm/blob/d3333d7dd2ac5e5b2f3f12ec83191d58b1c6391f/analyzer/zeekEnums.zeek,10,1
/cisagov/icsnpp-profinet-io-cm/tree/d3333d7dd2ac5e5b2f3f12ec83191d58b1c6391f/testing/Traces,8,4
