referrer,views_total,views_unique
github.com,18,5
Google,5,4
zeek.org,2,2
