url_path,views_total,views_unique
/idaholab/GranularFlowModels,22,12
/idaholab/GranularFlowModels/tree/main/examples,5,4
/idaholab/GranularFlowModels/tree/main/src,3,3
/idaholab/GranularFlowModels/blob/main/images/Constitutive_model_demo.png,1,1
/idaholab/GranularFlowModels/blob/main/README.MD,1,1
/idaholab/GranularFlowModels/find/main,1,1
/idaholab/GranularFlowModels/tree/main/images,1,1
