referrer,views_total,views_unique
github.com,23,13
Google,2,2
