referrer,views_total,views_unique
raven.inl.gov,4,1
github.com,2,2
Google,1,1
