referrer,views_total,views_unique
github.com,46,6
statics.teams.cdn.office.net,2,1
Google,2,1
ies.inl.gov,1,1
inlsoftware.inl.gov,1,1
