url_path,views_total,views_unique
/idaholab/TEAL/blob/devel/src/CashFlow_ExtMod.py,5,2
/idaholab/TEAL,2,1
/idaholab/TEAL/blob/devel/README.md,1,1
