referrer,views_total,views_unique
Google,45,17
statics.teams.cdn.office.net,22,2
github.com,19,6
ies.inl.gov,2,1
cache.org,1,1
opensustain.tech,1,1
