time_iso8601,clones_total,clones_unique,views_total,views_unique
2024-01-26 00:00:00+00:00,1,1,,
2024-02-08 00:00:00+00:00,1,1,,
