referrer,views_total,views_unique
github.com,29,5
Google,12,5
zeek.org,3,1
