url_path,views_total,views_unique
/idaholab/Caldera_Grid,36,17
/idaholab/Caldera_Grid/actions,29,2
/idaholab/Caldera_Grid/blob/asra-naseem-patch-2-1/start_execution.py,28,1
/idaholab/Caldera_Grid/edit/asra-naseem-patch-3/.github/workflows/github_actions.yml,18,1
/idaholab/Caldera_Grid/edit/asra-naseem-patch-2/.github/workflows/github_actions.yml,14,2
/idaholab/Caldera_Grid/actions/workflows/github_actions(Linux&Mac).yml,14,1
/idaholab/Caldera_Grid/edit/asra-naseem-patch-2-1/start_execution.py,13,1
/idaholab/Caldera_Grid/actions/runs/6175224316,12,1
/idaholab/Caldera_Grid/new/main,12,1
/idaholab/Caldera_Grid/tree/asra-naseem-patch-2-1/.github/workflows,12,1
