url_path,views_total,views_unique
/cisagov/icsnpp-modbus,57,35
/cisagov/icsnpp-modbus/blob/main/scripts/main.zeek,12,6
/cisagov/icsnpp-modbus/tree/bcbcf97059cbe53160298da176f65902579e39e4,8,7
/cisagov/icsnpp-modbus/tree/main/tests/traces,8,3
/cisagov/icsnpp-modbus/tree/main/tests,7,3
/cisagov/icsnpp-modbus/tree/main/scripts,5,4
/cisagov/icsnpp-modbus/blob/main/tests/traces/modbus_example.pcap,5,3
/cisagov/icsnpp-modbus/search,3,2
/cisagov/icsnpp-modbus/tree/bcbcf97059cbe53160298da176f65902579e39e4/tests,3,2
/cisagov/icsnpp-modbus/blob/bcbcf97059cbe53160298da176f65902579e39e4/scripts/main.zeek,3,1
