url_path,views_total,views_unique
/cisagov/icsnpp-s7comm,36,28
/cisagov/icsnpp-s7comm/tree/main/src,9,4
/cisagov/icsnpp-s7comm/blob/main/src/S7COMM.cc,6,4
/cisagov/icsnpp-s7comm/tree/main,3,3
/cisagov/icsnpp-s7comm/blob/main/src/Plugin.cc,3,2
/cisagov/icsnpp-s7comm/blob/main/zkg.meta,3,2
/cisagov/icsnpp-s7comm/blob/main/tests/baseline/analyzer.s7comm_plus/s7comm_plus.log,3,1
/cisagov/icsnpp-s7comm/commits/main,3,1
/cisagov/icsnpp-s7comm/blob/main/scripts/icsnpp/s7comm/main.zeek,2,2
/cisagov/icsnpp-s7comm/blob/main/src/s7comm.pac,2,2
