url_path,views_total,views_unique
/idaholab/HERON,109,36
/idaholab/HERON/pulls,39,4
/idaholab/HERON/graphs/contributors,17,5
/idaholab/HERON/tree/devel/tests/integration_tests,15,6
/idaholab/HERON/tree/devel/tests/integration_tests/mechanics/optimizedDispatch2Hybrid,14,7
/idaholab/HERON/wiki,13,10
/idaholab/HERON/tree/devel/tests,13,5
/idaholab/HERON/issues,13,4
/idaholab/HERON/pull/220,12,4
/idaholab/HERON/tree/devel/src,11,4
