url_path,views_total,views_unique
/idaholab/HERON/pull/309,97,4
/idaholab/HERON,52,18
/idaholab/HERON/pulls,31,6
/idaholab/HERON/tree/devel/tests,19,5
/idaholab/HERON/blob/devel/src/input_definition.py,18,1
/idaholab/HERON/tree/devel/doc,14,4
/idaholab/HERON/pull/309/files,14,2
/idaholab/HERON/tree/devel/src,12,2
/idaholab/HERON/tree/devel/tests/integration_tests,11,5
/idaholab/HERON/commit/daca13357b61c73d7b3e103c760cca747a6349cd,11,1
