url_path,views_total,views_unique
/cisagov/network-architecture-verification-and-validation,42,30
/cisagov/network-architecture-verification-and-validation/tree/develop/src/navv,12,3
/cisagov/network-architecture-verification-and-validation/pull/44,8,2
/cisagov/network-architecture-verification-and-validation/pulls,7,2
/cisagov/network-architecture-verification-and-validation/tree/develop/.github,6,2
/cisagov/network-architecture-verification-and-validation/tree/develop/docs/images,6,1
/cisagov/network-architecture-verification-and-validation/pull/44/files,5,2
/cisagov/network-architecture-verification-and-validation/forks,4,2
/cisagov/network-architecture-verification-and-validation/blob/develop/.github/CODEOWNERS,4,1
/cisagov/network-architecture-verification-and-validation/tree/develop/docker,4,1
