referrer,views_total,views_unique
Google,10,4
inlsoftware.inl.gov,10,3
github.boozallencsn.com,1,1
