url_path,views_total,views_unique
/idaholab/SPPARKS/tree/master/examples,13,2
/idaholab/SPPARKS/blob/master/doc/Section_commands.html,8,2
/idaholab/SPPARKS,6,6
/idaholab/SPPARKS/blob/master/doc/read_sites.txt,4,2
/idaholab/SPPARKS/tree/master/examples/potts_pfm,4,2
/idaholab/SPPARKS/blob/master/doc/Manual.html,2,1
/idaholab/SPPARKS/blob/master/doc/Section_python.html,2,1
/idaholab/SPPARKS/blob/master/doc/Section_start.html,2,1
/idaholab/SPPARKS/blob/master/doc/Section_start.txt,2,1
/idaholab/SPPARKS/blob/master/examples/README,2,1
