url_path,views_total,views_unique
/idaholab/SPPARKS/blob/master/src/app_erbium.cpp,5,3
/idaholab/SPPARKS,3,3
/idaholab/SPPARKS/issues,3,1
/idaholab/SPPARKS/blob/master/doc/app_sinter.html,1,1
/idaholab/SPPARKS/blob/master/doc/Manual.html,1,1
/idaholab/SPPARKS/issues/10,1,1
/idaholab/SPPARKS/pulls,1,1
/idaholab/SPPARKS/tree/master,1,1
