referrer,views_total,views_unique
Google,19,8
github.com,3,1
webmail.cse.iitk.ac.in,1,1
Bing,1,1
