url_path,views_total,views_unique
/cisagov/icsnpp-bsap,10,6
/cisagov/icsnpp-bsap/tree/main/tests,3,1
/cisagov/icsnpp-bsap/tree/main,2,1
/cisagov/icsnpp-bsap/blob/main/CMakeLists.txt,1,1
/cisagov/icsnpp-bsap/blob/main/README.md,1,1
/cisagov/icsnpp-bsap/blob/main/scripts/icsnpp/bsap/main.zeek,1,1
/cisagov/icsnpp-bsap/blob/main/src/consts.pac,1,1
/cisagov/icsnpp-bsap/blob/main/tests/baseline/analyzer.ip/bsap_ip_header.log,1,1
/cisagov/icsnpp-bsap/blob/main/tests/baseline/analyzer.ip/bsap_ip_rdb.log,1,1
/cisagov/icsnpp-bsap/blob/main/tests/btest.cfg,1,1
