url_path,views_total,views_unique
/idaholab/Deep-Lynx-Python-Package/blob/main/docs/AddDataToImportResponse.md,3,1
/idaholab/Deep-Lynx-Python-Package/blob/main/docs/CreateManualImport.md,2,1
/idaholab/Deep-Lynx-Python-Package/blob/main/pyvenv.cfg,2,1
/idaholab/Deep-Lynx-Python-Package,1,1
