url_path,views_total,views_unique
/cisagov/icsnpp-bacnet,58,38
/cisagov/icsnpp-bacnet/tree/main/src,46,12
/cisagov/icsnpp-bacnet/tree/main/tests,20,5
/cisagov/icsnpp-bacnet/tree/6aba0c4b0153e5f5b324085e500f2fa81a744fd6,18,12
/cisagov/icsnpp-bacnet/blob/main/src/BACNET.cc,16,6
/cisagov/icsnpp-bacnet/tree/main/scripts,15,5
/cisagov/icsnpp-bacnet/blob/main/src/BACNET.h,15,4
/cisagov/icsnpp-bacnet/tree/main,14,9
/cisagov/icsnpp-bacnet/blob/main/src/bacnet-protocol.pac,14,5
/cisagov/icsnpp-bacnet/tree/6aba0c4b0153e5f5b324085e500f2fa81a744fd6/src,14,4
