url_path,views_total,views_unique
/cisagov/icsnpp-bacnet/tree/f25d5ece364da6d7e2d7d9caac0aead1451ff996/scripts,71,3
/cisagov/icsnpp-bacnet/tree/f25d5ece364da6d7e2d7d9caac0aead1451ff996/scripts/icsnpp/bacnet,68,2
/cisagov/icsnpp-bacnet,36,29
/cisagov/icsnpp-bacnet/tree/f25d5ece364da6d7e2d7d9caac0aead1451ff996,28,7
/cisagov/icsnpp-bacnet/tree/main/scripts,22,4
/cisagov/icsnpp-bacnet/blob/f25d5ece364da6d7e2d7d9caac0aead1451ff996/scripts/icsnpp/bacnet/__load__.zeek,18,3
/cisagov/icsnpp-bacnet/tree/main/scripts/icsnpp/bacnet,18,2
/cisagov/icsnpp-bacnet/blob/f25d5ece364da6d7e2d7d9caac0aead1451ff996/scripts/consts.zeek,16,4
/cisagov/icsnpp-bacnet/blob/f25d5ece364da6d7e2d7d9caac0aead1451ff996/scripts/icsnpp/bacnet/dpd.sig,16,3
/cisagov/icsnpp-bacnet/blob/f25d5ece364da6d7e2d7d9caac0aead1451ff996/scripts/icsnpp/bacnet/files.zeek,16,3
