url_path,views_total,views_unique
/idaholab/XFEMParaviewPlugin,11,7
