url_path,views_total,views_unique
/idaholab/mastodon,18,14
/idaholab/mastodon/pull/394,5,4
/idaholab/mastodon/projects,5,2
/idaholab/mastodon/tree/devel/examples,4,3
/idaholab/mastodon/tree/devel/src,4,3
/idaholab/mastodon/tree/devel/include,2,2
/idaholab/mastodon/graphs/contributors,2,1
/idaholab/mastodon/tree/devel/examples/ex14,2,1
/idaholab/mastodon/blob/devel/examples/ex14/full_structure_with_isolators_new.e,1,1
/idaholab/mastodon/blob/devel/include/functions/OrmsbyWavelet.h,1,1
