referrer,views_total,views_unique
github.com,14,6
mooseframework.inl.gov,3,2
Google,3,2
