url_path,views_total,views_unique
/idaholab/SIEVAS/blob/master/nbody/src/main/java/gov/inl/SIEVAS/nbody/Polynomial.java,4,2
/idaholab/SIEVAS,1,1
/idaholab/SIEVAS/blob/master/nbody/src/main/java/gov/inl/SIEVAS/nbody/NBody.java,1,1
/idaholab/SIEVAS/edit/master/nbody/src/main/java/gov/inl/SIEVAS/nbody/Polynomial.java,1,1
