url_path,views_total,views_unique
/IdahoLabResearch/HyPAT/blob/main/HyPAT/source_code/permeation_plots.py,18,2
/IdahoLabResearch/HyPAT/tree/main/HyPAT,7,2
/IdahoLabResearch/HyPAT/tree/main/HyPAT/source_code,5,2
/IdahoLabResearch/HyPAT/tree/main/HyPAT/data_files,4,2
/IdahoLabResearch/HyPAT,3,3
/IdahoLabResearch/HyPAT/blob/main/HyPAT/source_code/permeation_estimates.py,2,1
