referrer,views_total,views_unique
wenyanet.com,15,1
github.com,14,9
Google,1,1
