url_path,views_total,views_unique
/cisagov/icsnpp-dnp3,30,21
/cisagov/icsnpp-dnp3/tree/main/scripts,13,4
/cisagov/icsnpp-dnp3/tree/main/tests,11,4
/cisagov/icsnpp-dnp3/blob/main/scripts/main.zeek,8,4
/cisagov/icsnpp-dnp3/blob/main/scripts/consts.zeek,5,2
/cisagov/icsnpp-dnp3/tree/main/tests/analyzer,4,3
/cisagov/icsnpp-dnp3/tree/main/tests/files,4,3
/cisagov/icsnpp-dnp3/issues,4,2
/cisagov/icsnpp-dnp3/issues/4,4,2
/cisagov/icsnpp-dnp3/tree/49a43d31c9484998aff42d2fbec1e271c120efa1,3,3
