referrer,views_total,views_unique
github.com,13,3
statics.teams.cdn.office.net,1,1
inlsoftware.inl.gov,1,1
