referrer,views_total,views_unique
Google,6,3
github.com,3,1
civet.inl.gov,1,1
