url_path,views_total,views_unique
/idaholab/SR2ML,38,6
/idaholab/SR2ML/pull/49,14,3
/idaholab/SR2ML/pulls,10,3
/idaholab/SR2ML/tree/devel/src,10,1
/idaholab/SR2ML/issues,9,3
/idaholab/SR2ML/pull/52,9,2
/idaholab/SR2ML/tree/devel/doc,9,2
/idaholab/SR2ML/tree/devel/doc/user_manual,8,1
/idaholab/SR2ML/tree/wangc/nlp,7,2
/idaholab/SR2ML/branches,6,2
