referrer,views_total,views_unique
github.com,41,4
zeek.org,7,1
Google,1,1
