referrer,views_total,views_unique
github.com,25,12
Google,20,16
Bing,8,3
cn.bing.com,8,1
dod.teams.microsoft.us,3,1
