url_path,views_total,views_unique
/cisagov/icsnpp-enip,41,26
/cisagov/icsnpp-enip/tree/main/scripts,11,2
/cisagov/icsnpp-enip/tree/main/scripts/icsnpp/enip,11,2
/cisagov/icsnpp-enip/blob/main/scripts/icsnpp/enip/main.zeek,10,3
/cisagov/icsnpp-enip/tree/6563199ac751ff8745ea8ac47a1124a301e8c562,5,4
/cisagov/icsnpp-enip/blob/main/scripts/icsnpp/enip/__load__.zeek,3,1
/cisagov/icsnpp-enip/blob/main/scripts/__load__.zeek,3,1
/cisagov/icsnpp-enip/tree/main,2,2
/cisagov/icsnpp-enip/blob/6563199ac751ff8745ea8ac47a1124a301e8c562/src/enip-protocol.pac,2,1
/cisagov/icsnpp-enip/tree/6563199ac751ff8745ea8ac47a1124a301e8c562/src,2,1
