referrer,views_total,views_unique
Google,33,5
github.com,31,7
mail.google.com,13,1
statics.teams.cdn.office.net,11,2
