referrer,views_total,views_unique
Google,6,4
sam.gov,1,1
