url_path,views_total,views_unique
/IdahoLabResearch/PyEmission/tree/main/pyemission,6,1
/IdahoLabResearch/PyEmission/blob/main/pyemission/Data.xlsx,2,1
/IdahoLabResearch/PyEmission/blob/main/pyemission/db.pkl,2,1
/IdahoLabResearch/PyEmission/blob/main/requirements.txt,2,1
/IdahoLabResearch/PyEmission,1,1
