referrer,views_total,views_unique
github.com,15,3
emrald.inl.gov,3,2
emrald3app.inl.gov,2,1
statics.teams.cdn.office.net,2,1
sam.gov,1,1
Bing,1,1
ncrcaims.inl.gov,1,1
