referrer,views_total,views_unique
github.com,59,8
mooseframework.inl.gov,57,6
Google,12,2
statics.teams.cdn.office.net,7,2
