referrer,views_total,views_unique
inlsoftware.inl.gov,29,2
github.com,10,1
