url_path,views_total,views_unique
/idaholab/Code_Generator,6,3
/idaholab/Code_Generator/blob/master/AMISimpleWireless_xml,2,1
/idaholab/Code_Generator/blob/master/kern/flow.cpp,1,1
/idaholab/Code_Generator/blob/master/ns-3-codegenerator.cxx,1,1
/idaholab/Code_Generator/tree/master,1,1
/idaholab/Code_Generator/tree/master/kern,1,1
/idaholab/Code_Generator/tree/routing-edits,1,1
