url_path,views_total,views_unique
/idaholab/Code_Generator,2,2
/idaholab/Code_Generator/blob/master/kern/application.h,2,1
/idaholab/Code_Generator/blob/master/kern/flow.cpp,1,1
