referrer,views_total,views_unique
mooseframework.inl.gov,113,10
Google,72,9
github.com,22,12
civet.inl.gov,3,1
