referrer,views_total,views_unique
mooseframework.inl.gov,318,32
Google,187,11
github.com,120,12
statics.teams.cdn.office.net,21,8
Bing,19,1
